0 0.1203125 0.32890625 0.1546875 0.1171875
0 0.2875 0.35390625 0.184375 0.13359375
0 0.459375 0.371875 0.203125 0.15625
0 0.66796875 0.39609375 0.26796875 0.16171875
0 0.875 0.43359375 0.24921875 0.18828125
0 0.15703125 0.46796875 0.1546875 0.13046875
0 0.30859375 0.49609375 0.1875 0.13984375
0 0.6734375 0.5703125 0.259375 0.1734375
0 0.14453125 0.5796875 0.1921875 0.134375
0 0.89765625 0.609375 0.2046875 0.17734375
0 0.30234375 0.61484375 0.1703125 0.11640625
0 0.4875 0.66484375 0.246875 0.14921875
0 0.04609375 0.68359375 0.0921875 0.11796875
0 0.15078125 0.72109375 0.15859375 0.12734375
0 0.72734375 0.7265625 0.26484375 0.153125
0 0.3171875 0.7640625 0.20703125 0.1578125
0 0.56640625 0.8 0.209375 0.1109375
0 0.86640625 0.85859375 0.16796875 0.06640625
0 0.8078125 0.90703125 0.22265625 0.13046875
0 0.92578125 0.9453125 0.1484375 0.109375
0 0.06015625 0.14609375 0.1203125 0.18515625
0 0.13828125 0.14921875 0.146875 0.20078125
0 0.2453125 0.15 0.18203125 0.21015625
0 0.7171875 0.16796875 0.36953125 0.26171875
0 0.94453125 0.17265625 0.1109375 0.2640625