0 0.7265625 0.45859375 0.0515625 0.103125
0 0.521875 0.46484375 0.06484375 0.1203125
0 0.2859375 0.46796875 0.10234375 0.1234375
0 0.67421875 0.484375 0.05234375 0.090625
0 0.45625 0.49609375 0.07421875 0.13125
0 0.16953125 0.50078125 0.14453125 0.14609375
0 0.71875 0.51015625 0.003125 0.00078125
0 0.62421875 0.52890625 0.05 0.0640625
0 0.38046875 0.52890625 0.084375 0.14609375
0 0.721875 0.53515625 0.05859375 0.0828125
0 0.69375 0.5375 0.03515625 0.0765625
0 0.646875 0.55859375 0.06171875 0.05625
0 0.55390625 0.5625 0.04296875 0.05234375
0 0.28515625 0.590625 0.10546875 0.15625
0 0.65625 0.59375 0.06640625 0.04921875
0 0.5015625 0.62109375 0.06796875 0.13671875
0 0.6078125 0.62578125 0.0390625 0.1203125
0 0.21171875 0.6296875 0.046875 0.12734375
0 0.43046875 0.6578125 0.07421875 0.125
0 0.56328125 0.67109375 0.05546875 0.128125
0 0.33984375 0.70390625 0.08125 0.1109375
0 0.50625 0.7203125 0.05625 0.13046875
0 0.44140625 0.76953125 0.07265625 0.13984375
0 0.3703125 0.80078125 0.08203125 0.18203125
0 0.2890625 0.8671875 0.0953125 0.23671875
0 0.50859375 0.378125 0.0703125 0.09921875
0 0.44375 0.4015625 0.06640625 0.10859375
0 0.36875 0.41796875 0.06953125 0.1046875