0 0.1421875 0.2953125 0.284375 0.184375
0 0.86953125 0.3078125 0.16640625 0.13046875
0 0.990625 0.0328125 0.01796875 0.06484375
0 0.4359375 0.3390625 0.275 0.18046875
0 0.67265625 0.34921875 0.19921875 0.171875
0 0.88046875 0.03671875 0.1890625 0.0734375
0 0.1265625 0.04296875 0.25234375 0.0859375
0 0.68359375 0.0484375 0.2203125 0.096875
0 0.96484375 0.525 0.0703125 0.38203125
0 0.1328125 0.55625 0.265625 0.37265625
0 0.4171875 0.05625 0.30078125 0.1125
0 0.840625 0.59765625 0.2125 0.42578125
0 0.65703125 0.60625 0.19921875 0.43203125
0 0.428125 0.68203125 0.26796875 0.48828125
0 0.1734375 0.828125 0.34140625 0.34296875
0 0.9875 0.140625 0.025 0.12109375
0 0.13203125 0.15390625 0.2640625 0.225
0 0.88203125 0.16875 0.19140625 0.1421875
0 0.42734375 0.171875 0.28359375 0.165625
0 0.68671875 0.1921875 0.21484375 0.1953125
0 0.984375 0.2734375 0.03125 0.1328125